118 164 1439 1966 
1218 
865 983 1285 
1073 1402 
1600 
1509 
2 
990 1470 
1057 1267 1269 1732 
471 1697 
595 
188 495 1948 
1874 
310 
376 547 826 1121 
1306 1860 
1103 1473 
413 
370 
966 
324 1121 
325 
1363 

1139 1344 1727 
279 456 
907 
487 503 1226 
659 853 1075 1162 1827 
1464 
346 605 1944 
1707 1873 
662 1322 

218 1633 
398 489 843 
338 1317 1585 
135 890 1421 1735 
1525 1922 
85 1027 
1263 
30 296 680 1844 
1183 1929 
255 1804 
379 436 743 909 
657 1326 
812 
578 
380 1431 
1495 
1168 1923 
110 654 1326 1397 
905 
218 514 1828 

376 982 1461 1788 
227 1880 
33 528 1579 
629 782 1049 1462 1513 1827 


287 349 973 1991 

132 946 
1899 
924 
272 1360 


1803 1924 
862 1032 
112 244 
1176 1340 
558 863 1252 
768 997 1167 
1536 1858 
387 620 1777 
650 1206 

40 369 1184 1217 1357 1864 
1981 
171 1236 

650 1318 1320 
612 1298 
907 
1212 
714 1457 

887 896 1023 
1838 
1122 
153 

1120 1149 
977 
293 314 673 
18 963 1679 1686 
675 1272 
689 1454 
329 919 
956 

13 330 1009 1446 1648 
0 164 926 1232 
1218 
233 785 960 1347 
1361 1524 
485 595 
1426 
997 1964 
955 1439 1869 
1 1956 
665 760 1346 
659 1418 
1176 1182 
1114 
47 
1262 1858 

210 1737 

1308 
592 
78 543 
1176 1414 
724 1372 1679 
196 1311 1929 
212 
200 891 947 1597 

1465 
41 636 1105 1323 1418 
1880 
149 1072 1372 
1456 1783 
1177 1341 1712 
1997 
1641 
1138 
647 1547 1687 1744 
1094 
489 1150 
518 1225 1571 
443 643 663 868 1779 


17 504 671 1052 1225 1457 1831 
811 825 1263 
1046 1072 1985 

236 1489 1781 1935 
1527 1678 1746 
1560 
1546 

299 490 971 1075 
412 803 1731 

1032 
1505 


432 1640 1695 1912 
54 251 
134 625 
466 
1507 
957 966 
865 1310 1699 
618 1353 1870 
279 
1384 1575 1728 
112 530 753 1257 1587 
197 1008 1506 1755 
1055 1933 
1123 1543 
3 511 784 825 1810 
86 96 841 
1111 1476 1880 
1836 
502 
58 
893 1969 
243 
632 1260 
12 168 1019 


0 38 269 296 1236 
1201 1639 
323 1325 
575 1096 
926 1516 1956 
577 702 1999 
377 503 1338 

71 224 1267 1785 
228 1249 1407 
251 626 1956 
153 
1014 1784 
1011 1389 1497 

1954 
676 1089 
987 1786 
337 774 1331 1552 
937 1492 
650 
220 1060 1471 
1336 1781 
642 
1032 
396 451 767 1590 1731 

329 342 526 
659 913 1265 1804 
769 991 
113 1965 



535 558 1183 1471 
206 379 440 1348 1409 1657 
1267 
1000 1342 
105 1189 1710 
1513 1655 
366 
191 
1430 
1435 
1954 
1054 


1868 

132 144 1170 
1953 
589 741 1716 
593 
397 
203 1835 

30 55 693 
1481 1667 
357 
19 1834 
954 992 1631 1867 
250 917 1487 
123 830 871 
580 1147 
1347 1718 

1169 1652 
176 1027 1287 
551 758 1897 
289 1347 1640 
1328 1729 
156 841 1849 
511 1642 
553 
333 657 1293 1300 
262 
1816 
715 1172 1251 1738 1843 
56 
380 399 1657 1754 
451 644 1760 1873 
151 1048 
170 364 727 1357 
510 1017 1340 
448 1217 
89 1915 

238 
1499 
380 792 1219 1263 1354 
188 1381 1721 
682 794 1238 1530 
187 1834 
152 624 1413 
631 1571 
71 777 1650 
245 1333 
153 1679 

307 
1023 
597 

1567 
1317 1462 
58 
232 837 1191 1350 1450 
1449 
661 1703 
774 1628 
327 1916 
242 598 
1534 1821 

555 
960 1091 1228 
151 1258 1381 1407 
505 765 1798 
1001 
208 
564 
1092 
1124 
160 1118 1904 
461 764 1402 
372 410 723 
137 1036 1741 1747 1959 
908 1364 
177 
98 1161 1167 1826 
139 740 915 
289 362 364 469 

423 
238 

1896 
212 336 1457 

215 
61 643 
156 1275 1285 
1433 1460 
150 230 934 1666 
276 280 738 922 1907 
1153 1675 
183 1519 

244 495 678 1235 1418 
1123 
517 1155 
1230 
190 380 705 1146 

237 
447 842 1250 1423 1704 
291 591 828 1192 

368 
86 350 441 
103 216 346 
890 1239 
748 876 1683 
106 1189 
327 358 979 1754 
173 1472 1477 1707 1968 
1285 
517 1465 
422 842 1474 1495 
67 767 1512 1726 
732 
21 211 294 319 
588 1395 
965 1998 
1591 
292 1380 1967 
1880 

39 240 531 606 
737 996 1051 1317 1542 
119 
1724 
421 1784 
805 
59 189 699 1702 
1143 1860 
730 
52 1612 1868 1897 
81 378 428 516 588 611 850 1247 1301 

463 1680 
245 320 344 552 
841 
156 
98 1596 
54 543 
1687 

1981 
212 1020 
192 1005 
447 536 781 
1123 1550 1887 1994 
150 
840 
244 
503 737 1252 
445 1631 
556 
438 475 
1324 
1220 1463 
1190 1579 1663 1859 
694 887 888 
50 695 1043 1701 
478 
24 
62 1706 
1416 1776 1971 
1828 
169 515 923 1447 1612 
365 547 1527 
1565 
1138 1698 1914 
820 
679 1136 1726 
988 
106 436 1583 1765 
295 1495 1539 1824 
700 
299 
231 777 1632 
902 1307 1588 1892 

644 739 1554 

90 968 
1742 
545 984 1978 
1571 1686 1899 
176 289 512 1979 
253 627 1369 
436 612 970 1218 1570 
543 942 1405 
1717 1994 
748 1582 1634 1974 
720 732 1200 1327 1844 
790 811 1239 
224 287 847 959 

264 1313 1368 
615 
876 1159 
1342 1697 
1057 1457 
270 475 1080 1278 
1549 
78 
186 801 1419 
471 
1212 1848 
595 1157 
644 1040 1348 
1211 
128 356 1759 
1130 1417 1492 
248 963 1279 1899 
633 1264 1938 
50 945 
173 1187 1908 1935 
1264 
3 
1910 
453 1301 1598 1862 
453 1355 
1858 

79 
37 1013 
101 

270 622 
855 909 
530 547 963 1359 
107 
314 1526 
455 
1878 
80 
1758 
757 961 
288 499 622 1086 
151 
429 1535 

392 520 886 1550 
1204 1328 
915 916 1063 1363 
968 1236 
567 793 1442 1764 
924 1026 1245 1795 
463 
1009 1512 
1380 
877 
1620 
98 
974 1557 
929 1448 
221 952 1026 1551 
1583 

1407 1917 

1559 
1732 
1866 
1688 1716 
1370 1477 
88 505 
62 877 1228 
451 
1834 
47 687 1405 
699 1204 
1161 
265 
831 1995 
141 


27 148 1303 1528 
555 591 1157 
870 1612 
1202 1332 1350 
913 
295 539 899 
676 1867 
441 1340 1895 1977 
20 241 1211 1292 1509 1667 
802 

325 
746 
964 1566 
963 1948 
505 1442 
1310 1869 
797 838 995 1582 
651 
20 137 425 701 1545 1882 
172 824 
1462 
1976 

432 721 1063 1513 

965 
517 1707 
755 1089 1813 
376 
440 711 780 1933 
772 856 1712 1788 
1434 1606 1996 
646 1036 1049 1903 
176 1172 
1306 
1125 1690 1840 1888 
525 1133 1253 1547 
438 550 891 1437 


514 1032 1224 1512 1615 
68 845 873 1649 
829 943 1986 
749 
591 1261 

935 
597 
1240 

265 1046 
380 816 1257 
360 596 
239 773 
189 249 498 1640 
1151 1889 
575 672 1918 
484 719 1454 1846 
730 1119 
59 128 357 821 1108 1754 1756 
437 668 1164 1276 
1062 1225 1604 
373 987 
409 452 774 962 1076 
880 
307 1118 
767 1916 
49 179 508 1679 
23 850 1333 
536 934 1429 1880 
608 1465 1763 1982 
233 319 1170 
264 713 735 
1477 1810 
987 
110 1447 
156 1242 1436 1638 
582 588 
953 
340 1076 
1334 1720 
1652 
99 924 1287 
695 700 751 
358 1327 1607 1641 1676 

373 1754 1920 
861 

1248 
826 

865 1210 

760 983 1102 1568 
302 578 
327 490 568 
1115 1812 

143 
802 
266 1634 
1802 
785 1270 
557 
103 

1385 1953 
1590 
1060 
598 855 1103 1256 1359 1479 
536 
680 1549 
348 542 1065 1429 

276 357 
1615 
182 
960 1079 
116 
564 

448 921 1074 
67 497 1794 

427 1614 
568 624 1288 
270 1164 
309 
135 449 884 987 
909 1393 
1005 1698 
1196 

380 1175 1694 1875 
22 601 1718 1782 
1868 
918 
214 292 
499 655 823 1700 
766 
613 676 
237 1107 

991 1380 


1061 1995 
1388 
1767 
588 
753 1001 1258 
412 1399 
943 1878 
54 444 
339 
116 767 1345 1368 1966 
738 1613 
465 1308 
26 843 
285 
829 1140 1505 1803 1872 
327 
8 593 1747 
528 867 
1796 
181 1252 
373 831 
509 524 1248 
161 254 391 581 1062 

325 
49 932 1115 1842 

620 1366 1490 
737 1219 1496 1643 
315 
322 437 
122 891 1269 
59 238 343 765 
84 1060 1421 1452 1966 

1390 1598 
1417 
201 650 
293 370 1617 
45 1275 

268 1653 
1658 
446 542 965 1397 
260 1074 1103 1949 
364 398 529 1424 

270 1211 
695 1421 
209 678 1280 1475 1857 
465 
1439 
1637 1719 1785 

211 1272 
909 1462 
685 829 1561 

944 1058 1600 

320 381 
255 631 836 
70 161 833 
511 662 1575 
1057 1239 
858 1622 1894 
906 
76 
36 206 1560 
232 410 

575 648 1587 
1274 1374 
836 913 1097 1916 


1737 
28 188 1413 

210 
797 876 1421 1781 
1355 1707 
1083 1089 
189 

1200 
578 811 895 1642 
377 624 912 1188 
342 1496 
193 234 1186 1525 


1478 
1013 
750 808 1039 

104 802 1045 
86 216 791 
1503 
544 728 
37 118 
1756 1871 
85 1482 
790 
376 1663 
915 
1273 1804 

1601 
685 1646 
7 
124 1978 
1229 
1064 
203 482 1210 1790 
463 
71 
343 
896 
197 1273 
1429 1609 

1656 

1294 1875 

38 
82 400 1393 
1397 1777 
231 521 807 
95 124 
373 499 660 806 
377 1593 1851 
1226 1810 
55 427 893 920 1476 1499 
1329 1384 1868 
393 

879 
153 1219 
268 
394 439 773 1158 
866 
498 594 1212 1861 

1087 1471 1624 
872 
515 1657 
342 
1010 1708 
254 313 595 1197 
89 

273 990 
1460 1524 1642 
787 1059 
482 
691 903 
265 
1010 
1976 
194 664 1477 
266 1869 1986 
1406 1857 
1174 1603 1635 1763 
873 1677 
531 873 
133 724 1320 1545 1685 
1328 1993 
725 
865 1826 
1011 1844 
263 1967 
255 956 
1267 1288 1590 1871 
1304 1344 1393 

77 1422 
163 1393 1671 
326 525 
742 1666 

525 


553 
96 1759 1852 1972 
1596 
274 921 1039 1588 1629 
297 719 903 
292 409 
704 
52 75 103 252 534 
1020 1409 
578 955 1225 1691 
291 
1421 1962 
404 

348 632 1505 
352 693 
914 993 1325 
120 910 1757 1902 

186 766 836 1077 
139 1039 
22 31 1416 1673 1854 
1540 
435 479 797 


1391 
166 1526 1788 1856 
626 1280 1869 


135 1619 
226 571 833 864 
193 
281 1001 
1818 
107 1357 1471 
883 1399 1837 

688 1016 1725 
1390 

354 628 985 1536 
418 534 922 
1748 
14 177 252 361 

400 1514 
1054 1131 
1132 1525 1988 
855 875 994 
1390 
633 
1947 
408 1297 
370 
70 
107 140 1079 1838 
947 1892 
940 1189 1257 
1214 1880 
443 1713 
1146 1168 1261 

1584 
1233 

127 742 
1328 
1807 
955 1496 
316 

1337 
1176 1378 1972 
175 1599 1982 
1191 1463 1741 
1001 1158 

47 136 203 1314 1648 1707 
768 1591 
82 506 
525 691 944 
423 1699 1892 
379 708 
146 1064 1138 1164 1570 
160 1279 1671 
1335 
141 330 1898 
1781 
348 1030 
684 
387 890 

89 911 1620 
1407 
674 713 965 
1159 
384 1342 1850 
304 432 696 
1108 
1071 1404 1433 
132 793 1484 1643 
340 368 1977 

1246 
170 284 687 1577 
571 1662 
1573 
853 879 1137 1293 1904 
1303 
339 453 748 1961 
1768 
1278 
525 733 
32 204 
643 
1394 
106 
1016 

222 238 500 1763 
128 503 573 837 
1209 1878 
1395 
629 1133 
119 969 1350 


303 306 745 1690 1824 
332 1255 1373 
1030 
590 
533 817 
226 528 1415 

1693 
232 483 990 1016 1266 1288 
177 912 1266 1329 1423 1758 


859 1031 1567 1859 

260 1426 
794 1213 1607 
248 
6 74 137 

1575 1945 

875 1903 
651 872 1694 
826 
1595 1841 
445 1603 
695 
114 250 420 
270 
47 
422 
968 1531 1720 
45 219 1225 1938 
1423 

806 
381 1594 

736 1380 
474 1865 
1939 
291 432 1013 
627 660 1185 
1629 

926 1762 
448 1398 
485 736 905 1133 1675 

1242 
112 533 669 1196 
1439 

1035 1255 
53 417 1016 1560 
60 403 1202 1759 

305 640 923 1570 
165 406 
166 609 
1093 1146 1835 1858 
487 1486 1686 
35 461 975 1051 1192 1290 

335 610 
239 1776 
933 
1200 
767 
513 

791 1881 
429 
414 713 831 
435 1651 

74 870 979 1640 

1663 
611 1277 1942 


689 1406 1741 
1351 
98 
781 840 
711 1062 
654 936 
1322 1861 
400 489 1490 
960 1828 
600 1244 1584 

1016 1396 1466 
374 1856 
1497 
148 1004 1882 
1885 
1987 
704 
69 505 1430 
1350 
605 1051 1348 1620 
686 1936 
649 1851 
385 446 

822 966 
1171 1429 
785 1281 1367 1727 1799 1966 
168 780 1540 
784 802 1163 1166 

1342 

1554 1621 1983 
1261 
558 608 1065 1207 
51 1847 
245 442 
1351 1969 
710 1072 1299 

839 1372 1768 
612 876 

304 857 1167 
1261 1662 
1189 
1050 1220 1241 
1229 
141 
448 1194 
1427 1935 

30 
94 315 703 836 1001 


1830 
537 721 1082 
243 721 757 1373 
25 169 521 1372 
909 1342 1769 
1145 
585 869 

291 518 798 
110 540 1318 1525 
1909 
218 820 1388 
656 1109 1666 
757 1632 
536 1399 
335 429 1665 
842 908 1794 1954 
381 1575 


428 
1954 
74 
138 1243 
1162 

314 709 
455 
1798 
532 
1718 
1855 
256 1188 1429 
474 557 1504 
107 660 1157 

745 1087 
221 1086 1292 
172 286 490 650 832 1587 
1351 1547 
253 368 1240 
1981 
1037 1689 1752 
505 815 
1852 
221 309 1711 

718 
581 
842 
1363 1437 
565 

23 863 1685 
1180 
438 1278 1280 1743 
1265 1558 1785 
407 419 430 995 
689 
414 1552 
112 559 
1197 1201 1739 

219 832 1608 
630 690 1769 1975 
539 1754 

1000 1313 
1509 1830 1873 
1783 1787 1955 
472 1331 



341 1309 1919 
412 1247 1294 1310 1578 
975 1254 1627 1899 
89 570 
400 
1078 
484 1730 
793 1045 1138 1636 
709 734 1154 1800 

685 1232 1839 
1587 


441 1924 
252 1817 
490 
1061 1250 

108 482 1007 
596 709 981 1966 
29 326 778 
152 858 1251 
599 1414 1723 1725 1873 1886 
1156 
1678 
117 509 
556 

241 335 1309 
748 
598 800 1179 1662 1997 
210 1060 1231 1599 

120 1451 
1 138 294 385 
1256 1776 


512 

886 
83 
263 1386 
593 1713 
180 256 356 1426 
266 509 595 1657 

1420 
306 1242 1812 
447 851 1132 
70 960 


205 422 1348 1456 
369 485 631 1161 1168 1823 
488 704 
771 1664 1899 1902 
1195 1609 
263 349 535 734 
907 
86 341 
533 1981 
499 1051 
499 790 
673 987 1985 
1455 1757 
291 
631 1181 

29 233 609 
968 1068 
866 963 1791 
1331 1480 

577 807 1374 1774 
211 349 908 909 1023 1222 
172 266 728 
264 707 1870 
952 
1399 

370 
270 371 592 676 
1703 
176 747 1918 
1009 
138 
132 1254 
1255 
341 
1374 
535 688 
609 1359 1761 
1405 1582 
1659 
495 
906 1085 
1981 
27 1208 1992 
356 1660 
149 833 1595 
1005 1255 
847 1843 
1249 1710 1983 
37 380 1713 
171 326 733 909 
87 455 1179 1626 1669 1982 
236 329 1397 1579 
812 980 
94 
19 548 583 1978 

1923 

899 

1014 
124 983 
1836 
1089 1282 

692 
826 
783 813 
1075 1099 
1215 
815 
1859 
1118 
513 892 
461 670 1734 
282 653 1975 
426 500 
482 631 
75 889 1361 
980 1920 
546 805 1412 
56 78 640 1613 
1109 1202 
379 
748 861 

89 1657 

276 420 1241 1543 
20 853 
612 790 
602 
577 
459 1377 1384 
1369 1626 

480 579 
1159 1258 1475 
617 658 1401 
1177 1248 1991 
76 1055 
320 383 
1617 1668 1920 
657 874 1285 
1329 1737 
1205 1520 
1227 
1833 
332 1369 1443 1660 
1320 
219 493 553 1520 1791 
1216 1257 
36 1344 


1175 1355 
896 1573 

770 
209 
832 1972 

1142 1944 
977 
734 
101 130 1407 1894 
238 
1503 
1366 
837 1419 
1378 
696 1164 1252 1935 
753 

556 696 1075 
356 614 1684 
509 1248 1608 1729 
180 907 
1936 


379 929 1043 1092 1842 
122 350 1534 
1797 
606 611 999 1416 
706 948 1125 1722 1855 
506 

1705 

728 1365 
383 1247 
670 930 1324 

20 856 866 1135 1259 
486 
724 1453 
1234 
71 783 1127 
496 
176 1045 1357 
31 107 

630 
290 443 1376 1814 
1743 
1193 

636 759 1435 

641 1606 

810 1566 
286 312 543 783 1737 1878 
150 539 

1311 
1244 1457 
1331 
198 570 1655 

947 
346 1565 1577 
964 1541 
678 796 809 1675 
598 1881 
263 1620 
1369 
778 1315 
879 1579 

534 1499 1868 
1412 
410 
411 1404 1713 
269 778 1633 
932 

1288 
281 1101 
1771 
387 1806 
1470 1663 1993 
525 654 
29 745 1210 
1141 1170 
1406 
1583 1887 
210 340 1333 1993 
1138 1845 
1085 
620 1546 1712 
1260 1905 

350 
1325 
1615 1892 
386 785 1862 

76 826 1301 
236 328 1242 1678 
1455 1477 1880 
403 1194 

1083 1622 
746 
3 
940 1521 
489 526 537 608 1880 
643 1321 1686 1927 
883 1083 
288 1589 
396 1093 
865 
841 1359 
1321 1682 
1983 
269 824 1991 
789 991 1190 
116 1589 1662 

170 869 876 
248 1671 1835 
416 1230 
49 108 972 1302 1482 

475 1917 
1613 
600 780 1155 
828 1172 1235 
447 815 1117 1533 
1255 
15 86 1634 1777 
1396 1599 
1711 
1460 
347 403 453 
824 
1779 
350 
1114 1249 1758 
1134 1333 
659 743 1730 
345 992 1146 
401 427 1139 1649 
3 

210 928 1217 

1162 1210 

526 957 
433 1774 
632 

440 1297 1519 1716 
1351 
1659 
132 470 1398 1707 
59 896 
1332 1864 
692 1167 1490 1553 
1729 
94 402 

23 
89 638 785 1003 
247 956 
218 1046 
867 
154 573 843 1841 
333 1370 1515 
560 1108 1503 
4 566 1054 1645 1968 
703 
220 
1660 1760 1870 
947 1514 1827 
199 1029 1626 
669 
1002 1171 1981 
609 997 1255 1710 
442 693 1039 
652 1497 
1085 
1132 

442 884 

47 1122 1207 

431 863 896 1098 1196 1262 1383 1420 
1237 1328 
1254 1535 
820 
334 1950 

1812 
54 
641 1508 
24 618 1511 
190 899 1063 
1241 1743 
1500 1670 
350 568 
1963 
986 1555 1639 1648 1678 
303 827 914 
759 1738 1741 
494 1069 1182 1360 
202 952 1504 1583 
88 369 667 1370 
1180 1695 

205 694 1603 1796 

727 

488 765 801 1350 
1498 
125 1160 
148 
466 1281 
116 702 1173 1330 1702 1977 
1331 
266 414 1025 
611 656 770 1550 
138 559 1921 
712 1818 
1401 1904 
396 666 969 1502 
938 970 1775 
184 337 798 
265 1965 
463 907 
1594 
809 1168 
131 519 

1531 

621 
1748 
441 585 1496 
701 
1061 
648 919 1379 1395 

1584 1623 
655 793 1343 1913 1972 
1817 
139 316 1694 

146 827 833 1367 1437 1666 
20 
262 662 
1574 
666 1013 
40 247 488 1275 1283 
102 828 
1262 1467 1750 1953 
57 826 
88 529 567 1118 1927 

889 1412 1712 1937 1969 
1470 1584 
77 627 786 857 1429 1480 
1274 1786 
436 1454 
1315 1389 1799 
1007 
1530 
1095 1469 
1188 1640 
420 
470 1629 
346 1303 1309 1811 
254 1083 
315 
1649 
1458 
699 1382 
523 1619 1803 
202 435 920 1007 
175 1092 1674 
622 1341 
1095 
1718 
288 1668 
34 331 
619 1987 

238 284 921 1453 1575 1888 
53 1601 
615 1557 
862 1527 1886 
924 1160 
593 1510 
330 870 1648 1880 
1295 
1631 
261 706 751 1176 1660 
343 784 909 
499 
903 1733 
47 255 950 1807 

1317 1433 
915 1325 
70 
725 1830 

1079 1747 
438 1532 

196 498 1207 
224 1554 
966 1060 1134 1834 
1114 1673 
1080 1235 1945 
81 
1822 
225 548 1603 
1080 
240 963 1440 
707 1483 1504 
199 1055 1865 1918 
99 111 623 940 1426 
140 625 1890 
528 1290 1851 
938 
490 1009 
565 881 
655 1573 
696 1928 
275 484 569 1023 
1455 
53 1043 1167 
331 471 792 1504 1533 1686 
140 340 
1313 1729 
1530 
1280 1492 
1106 
146 
1246 1460 1822 
395 1227 
1804 
102 
608 855 1925 
249 522 1915 
1596 
1199 1235 
282 295 310 1777 
1174 
592 1955 
94 272 844 1350 1598 

34 
362 
1237 

554 628 774 
868 1210 1951 
1038 
170 1290 
145 742 799 878 1212 
195 703 1515 1940 1955 
120 743 1226 
327 1878 
764 951 
1042 1433 1723 
1433 
246 932 1156 
1702 1788 
317 1908 
1205 
482 1755 
236 745 1517 
1748 
1027 
431 
1844 
1539 
470 1209 1390 1878 
1484 
371 
1128 1752 
776 


1348 
571 601 609 1902 
800 1616 
546 1467 
136 652 
439 1866 
143 672 1515 1580 



362 1223 1515 1658 

248 394 449 1012 1433 
843 
945 1293 
401 
51 1466 1839 

796 
354 540 1022 
1111 

1233 
1184 
641 
691 1584 
222 393 1279 1896 
101 335 
1074 
1914 
182 200 671 965 
30 1914 
513 1601 
534 971 
387 1673 

1295 1882 
69 629 962 1593 
1150 1655 
17 40 1087 
1499 
103 1935 

1020 1809 
145 803 1200 
547 1282 1891 1972 

13 233 1999 

1673 
1121 
1329 
1884 
95 349 1173 
727 
86 392 
184 1834 
1621 
229 1189 
155 311 1312 
1242 
286 1864 
612 1171 1806 1909 
1767 
175 920 
1242 1682 

6 453 1011 
30 
188 189 1394 1413 1725 
40 387 887 1404 
1287 1760 

53 1054 
836 
75 815 990 1636 
10 1444 1479 
960 1636 

1936 
636 1587 1624 

751 1630 
89 395 856 

624 658 1034 1542 
76 483 1201 1631 
619 944 
180 573 1091 
242 
147 1441 
189 1611 1689 
591 
53 
247 1057 

171 
352 698 1204 1472 
1141 
163 1135 
131 

383 526 694 1941 
1958 
311 1003 
671 1193 
180 996 1059 

137 251 
475 1622 
870 1243 
1769 1894 1905 

53 1171 
394 1106 1311 1438 


302 1278 
1802 
641 1655 
1462 
129 1346 1497 1619 
296 1448 1681 

1062 1880 

1211 
345 1262 

81 1503 
27 
1362 1530 1726 1787 

782 
549 1468 
646 1457 1498 
477 495 1703 
1461 
974 1455 1788 1830 
464 892 1784 
627 1014 

516 585 948 
781 
1123 1447 
1197 1753 
61 362 511 722 1148 1505 
514 
86 124 412 
504 1536 


785 915 
435 1012 1954 
345 
1001 1111 1372 
1382 
176 
553 585 853 

1179 1269 
952 1588 
6 

71 474 862 1898 
1169 1306 1455 

1655 
265 586 892 1103 1192 
115 1892 
444 

1219 
61 1805 
680 
355 410 1213 1494 1745 
1985 

603 782 1499 
117 919 1243 
50 1684 1713 1986 
586 
1235 1647 
191 743 1564 
1231 

308 
1175 1190 
176 395 709 1046 1342 
925 
205 394 1895 
205 777 1036 1980 1993 
781 1700 


742 768 933 1629 1870 
623 788 1055 1200 1602 
233 1014 1214 1956 

1701 
500 771 1137 
541 819 838 
1113 1762 1944 
183 1156 1470 1948 
14 
729 813 

232 440 951 1031 1459 
1333 1508 1566 
1151 
262 594 806 1413 
69 353 723 1274 1471 
1400 
23 128 
545 1776 
561 689 
400 1523 
1286 
966 
519 
359 
89 1376 
392 1105 
1313 
776 907 1000 1549 
1004 1561 
1579 1790 

1271 1465 1797 
1327 1617 

919 
892 1497 
237 729 1068 1905 
208 597 1510 1983 
530 1244 

